nLocations = 20;
nCities = 32;
nTypes = 3;

p = [10 3 11 28 10 4 6 33 26 40 10 24 34 22 16 22 35 31 10 11 4 19 18 3 37 19 23 8 39 24 12 14];
posCities = [[17 8] [4 11] [11 8] [23 0] [18 4] [15 10] [15 14] [15 4] [11 5] [25 24] [18 19] [20 20] [18 11] [6 22] [12 7] [11 4] [21 1] [5 12] [24 14] [17 20] [9 4] [3 9] [6 15] [12 14] [21 20] [16 1] [22 9] [18 8] [20 8] [3 24] [20 9] [26 19]];
posLocations = [[2 22] [19 3] [2 20] [9 1] [15 4] [6 15] [1 11] [6 22] [4 10] [5 0] [11 8] [3 15] [12 21] [9 26] [16 16] [18 21] [2 26] [17 13] [20 20] [13 22]];

d_city = [1 19 20];
cap = [48 74 99];
cost = [33 44 50];

d_center = 3.7;
