nLocations = 25;
nCities = 50;
nTypes = 6;

p = [40 28 16 14 16 10 28 22 20 23 35 17 24 13 26 17 27 3 6 19 11 19 24 17 33 40 21 5 40 5 39 31 35 36 6 19 4 31 38 27 12 16 30 6 24 30 1 40 33 26];
posCities = [[18 14] [3 8] [8 7] [12 6] [16 16] [15 13] [0 7] [13 4] [7 12] [5 4] [10 17] [10 16] [7 0] [18 8] [10 2] [11 8] [11 9] [8 18] [17 8] [6 1] [17 10] [9 1] [11 18] [11 0] [1 0] [16 8] [2 3] [14 10] [13 14] [15 1] [14 14] [9 10] [17 15] [11 10] [10 4] [17 13] [0 10] [12 15] [0 17] [13 0] [4 17] [11 2] [0 16] [6 13] [2 10] [1 17] [16 5] [16 7] [9 5] [12 9]];
posLocations = [[10 17] [0 11] [14 15] [3 10] [13 3] [2 11] [11 16] [9 12] [11 9] [14 11] [10 2] [12 4] [10 15] [18 18] [3 1] [8 0] [15 13] [8 10] [13 16] [16 13] [2 16] [13 0] [10 0] [16 0] [17 7]];

d_city = [2 5 14 14 15 16];
cap = [146 214 228 258 266 312];
cost = [15 19 34 38 40 43];

d_center = 10.2;
