nLocations = 25;
nCities = 65;
nTypes = 9;

p = [3 38 23 31 38 8 16 34 13 28 1 33 38 37 35 14 29 29 9 16 37 21 19 32 28 9 10 11 19 14 5 9 30 10 24 29 24 31 36 3 33 26 13 40 20 30 39 4 31 3 15 18 11 22 1 1 21 34 34 21 34 13 3 33 36];
posCities = [[5 10] [2 9] [22 2] [10 4] [1 1] [19 22] [12 13] [22 12] [4 10] [4 22] [14 16] [11 15] [11 7] [0 12] [21 6] [10 9] [7 2] [1 18] [21 21] [10 19] [20 10] [21 14] [7 15] [11 0] [5 4] [3 5] [3 13] [5 6] [18 10] [5 18] [11 4] [21 1] [7 11] [2 21] [20 22] [3 6] [6 1] [15 10] [22 20] [10 1] [4 6] [6 22] [4 3] [16 4] [1 4] [15 14] [16 21] [16 0] [1 10] [8 6] [21 17] [15 6] [8 5] [14 15] [1 8] [16 1] [22 7] [7 8] [13 4] [10 21] [15 12] [0 8] [4 1] [20 14] [16 19]];
posLocations = [[11 22] [17 16] [12 11] [2 3] [10 12] [5 22] [7 3] [3 1] [20 11] [20 15] [17 12] [12 12] [1 17] [5 10] [20 2] [17 8] [9 21] [10 2] [2 21] [1 2] [4 1] [19 13] [5 16] [3 22] [3 14]];

d_city = [2 6 7 14 14 14 16 17 20];
cap = [110 133 174 235 275 281 360 413 466];
cost = [11 12 13 16 27 31 43 47 49];

d_center = 12.7;
